张三    80    80    80    240
John    70    80    90    240
Sue    70    70    70    210
Jane    80    70    60    210
Joe_05    80    70    60    210
Joe_06    80    70    60    210
Joe_07    80    70    60    210
Joe_08    80    70    60    210
Joe_09    80    70    60    210
Joe_10    80    70    60    210
Joe_11    80    70    60    210
Joe_12    80    70    60    210
Joe_13    80    70    60    210
Joe_14    80    70    60    210
Joe_15    80    70    60    210
Joe_16    80    70    60    210
Joe_17    80    70    60    210
Joe_18    80    70    60    210
Joe_19    80    70    60    210
Joe_20    80    70    60    210
Joe_21    80    70    60    210
Joe_22    80    70    60    210
Joe_23    80    70    60    210
Joe_24    80    70    60    210
Joe_25    80    70    60    210